285.36517000000003,49.201561
291.80984,45.435478
294.99585,45.119578999999995
291.34259,38.363129
286.02612,44.782871
286.02612,44.782871
292.31512000000004,40.838821
288.20763999999997,45.683479
284.9986,50.14679
291.4743,44.68351
292.6904,37.93457
292.90161,38.297081
296.07568,45.62706
288.09564,40.365971
293.57394,45.384541
295.5582,50.828388000000004
293.67426,45.517239000000004
291.13638,50.575939
292.87289,41.06427
286.60416000000004,42.440319
282.40594,46.90448
292.48703,41.311119
294.00543,46.310691999999996
286.6384,39.487881
297.48669,46.996712
283.2645,41.711449
288.58835,42.605659
297.84148999999996,46.967682
295.59125,42.555240999999995
297.85938,40.326939
297.04852,46.867981
284.94097999999997,46.56654
296.603,44.14082
293.13705,42.350479
281.59235,43.177879
290.98922999999996,50.30806
290.84713999999997,37.864052
284.28713999999997,42.35561
293.51108,45.136589
293.51108,45.136589
298.41931,45.071442
296.55005,49.102321999999994
297.37509,46.662209000000004
287.52203,51.375858
295.96283,50.24025
291.62878,41.208599
295.0174,40.728001
294.50977,40.726452
298.77756,44.119942
295.46657999999996,46.012402
288.77112,39.66798
291.28772000000004,50.909149
281.26013,42.403290000000005
285.57492,49.960892
287.85812000000004,42.542629
285.27643,39.446911
297.33945,46.347252000000005
294.47832999999997,46.945862
284.90302,43.953959999999995
283.02725,47.249882
284.05953999999997,44.518215000000005
297.18564,46.825298
299.07828,46.786159999999995
294.39105,44.762959
296.18829,43.936852
297.68881,40.643661
288.77182,42.213219
296.60141,44.32526
293.98871,46.718021
295.35446,48.5154
294.35092000000003,50.081089
295.84653,49.936131
283.92004,40.740131
290.75183,49.972301
281.05593999999996,43.92374
290.23032,37.777481
290.23032,37.777481
296.13281,48.977402000000005
288.10607999999996,38.659061
293.24487,45.298279
295.62469,42.545898
294.33847000000003,50.33654
294.33847000000003,50.33654
297.90738,45.032309999999995
286.48364,46.752621000000005
292.29458999999997,40.591789
299.03641,40.583172
291.35867,44.424252
283.42911000000004,47.59251
288.66077,43.36808
290.17618,46.698341
295.46234,40.77697
289.74277,50.787040999999995
296.00543,44.718509999999995
292.76175,45.727242
286.22463999999997,44.654469
284.79694,45.099090999999994
292.86984,46.741859000000005
292.35745,42.389148999999996
291.37408,40.263371
295.62927,44.69062
284.05953999999997,44.518215000000005
297.90578999999997,40.162861
284.71988,46.25079
293.66885,46.37925
297.40906,39.490292
295.45367000000005,42.858799
289.88437000000005,45.211498
293.50702,50.450119
287.75229,42.244781
294.35654,38.947379999999995
296.9679,40.926769
298.25812,47.604939
285.92888999999997,38.520981
298.73523,40.76416
285.18512000000004,49.565369
291.5321,50.681599
284.11978,40.524281
293.62442000000004,38.732479
284.14609,40.272331
293.12737999999996,42.320099
282.99973,40.557449
290.23987,39.564529
289.85889,48.693851
290.53607,40.705849
288.9039,39.154209
284.58578,47.079529
292.29458999999997,40.591789
285.86929,42.728088
281.83533,44.155918
280.25838999999996,43.835758
290.99527,45.192211
290.99527,45.192211
291.20081,38.747849
296.13281,48.977402000000005
284.63518999999997,40.71983
297.46594,48.089329
289.65125,43.824421
289.65125,43.824421
289.65125,43.824421
287.79819,45.656712
287.79819,45.656712
294.57623,38.45697
289.88446,41.906551
284.05953999999997,44.518215000000005
289.0787,39.04034
285.86929,42.728088
299.38159,45.592239
299.16953,43.44109
287.83847000000003,43.153228999999996
285.29193,41.255691999999996
296.30197000000004,50.672321000000004
296.30197000000004,50.672321000000004
292.32419,43.033451
294.53516,46.506149
292.36026,42.398022
285.14264,49.800671
299.29227000000003,41.153079999999996
286.75278,49.064910999999995
297.46362,48.181412
284.6062,41.196381
291.55051000000003,50.825611
294.00946,42.880772
283.1788,41.989922
295.26068,40.766391999999996
291.39886,38.228611
287.1427,43.616051
285.67377,45.639858000000004
301.72076,44.41206
292.29458999999997,40.591789
298.25812,47.604939
292.99469,43.180671999999994
289.13467,47.062988
291.45755,37.742934999999996
290.82437000000004,45.355019
295.06583,46.466389
294.18561,38.108669
291.17999,39.10508
284.03292999999996,42.168709
287.40533,45.918011
294.46848,44.75396
291.28632000000005,49.24308
286.50739,41.922131
287.76083,40.742771000000005
284.05953999999997,44.518215000000005
282.30121,46.516201
287.80557000000005,45.340548999999996
295.10391,39.268749
288.02969,40.344151000000004
286.71564,48.645278999999995
286.3443,37.411968
292.84448,47.550419
299.54865,41.241371
290.68469,40.255451
285.7135,41.605885
295.43375,42.16766
289.37381,50.934340999999996
282.0174,44.38578
294.94009,39.232571
289.18667999999997,50.937560999999995
287.16486000000003,39.376942
290.74432,43.26078
287.65741,48.982159
294.53354,46.618271
298.9917,40.142421999999996
288.0593,51.35445
286.3443,37.411968
284.74792,46.373619
285.21985,38.805882000000004
292.02341,48.226959
286.28595,37.387058
284.92184,45.972401
292.09332,37.613479999999996
290.40148999999997,48.822590000000005
291.85318,45.11092
292.70342999999997,46.415871
290.68523999999996,43.859638000000004
290.65125,41.234505
290.63651,38.707668
296.1181,50.51659
291.57898,44.531712
297.21578999999997,47.378521
297.07037,42.977740999999995
290.30295,46.79081
295.78381,43.1824
284.82802999999996,44.60873
284.82802999999996,44.60873
291.03232,49.040271999999995
293.96689,42.841888
294.0704,38.181702
290.62183,51.057301
283.40195,41.516331
295.90921000000003,51.347939000000004
289.37703999999997,40.00116
287.13828,41.77771
284.90573,43.949162
296.75338999999997,49.378109
284.28258999999997,46.991638
294.6647,39.783829
290.06293,39.922272
285.82232999999997,45.711890999999994
289.93927,41.502659
294.88965,49.379768
294.22446,50.075588
298.59482,41.43594
297.78647,45.41748
287.70687999999996,40.685241999999995
285.80322,44.873428000000004
284.59372,46.44978
298.34653,40.139790000000005
296.45575,39.598591
288.18197999999995,46.246181
284.94097999999997,46.56654
285.57434,49.962269
290.02591,48.335949
291.2681,44.48819
291.39786000000004,45.588558
294.36609,49.915058
299.06167999999997,43.720329
293.6701,46.29567
290.83627,47.444939
285.29575,44.55275
286.62576,37.5373
287.79385,45.98024
291.95999,44.900021
294.39749,44.124199
288.88122999999996,44.959209
297.22393999999997,47.025162
291.03232,49.040271999999995
296.96017,47.964771
297.24017000000003,49.616859000000005
296.72305,49.106659
293.50049,44.932460999999996
292.30742999999995,46.62664
292.12521,41.40781
289.95651000000004,47.02039
298.75491,46.941589
282.23969,43.244049
284.42273,49.10622
291.87799,41.769581
289.80298,47.259159000000004
290.6333,40.136990000000004
296.37692000000004,50.621471
287.06638,41.874908000000005
286.25165,42.378479
297.58801,40.57798
292.88527999999997,41.27924
294.78235,39.596519
292.11517000000003,49.256432000000004
298.95032000000003,46.692799
298.35361,41.820068
298.35361,41.820068
293.6394,44.982529
282.25021,44.921108000000004
282.25021,44.921108000000004
289.7934,38.385078
281.55936,42.520489000000005
288.75073,47.490921
280.82339,42.636051
289.6644,48.706210999999996
297.62936,41.637459
290.37631,41.150742
289.34732,44.208511
298.73611,46.498634
298.73611,46.498634
290.95615,49.366398
286.0499,38.960201
291.23148,47.033932
290.63736,48.883133
297.11057,39.703911
297.38027999999997,39.941071
288.41652999999997,47.878731
290.73154,39.920269
290.66412,43.49984
285.19,46.027962
286.92429,47.053740999999995
284.35434,42.388371
295.53533999999996,39.40818
283.39825,46.689789000000005
292.4404,43.209431
283.33606000000003,47.174541
285.07767,46.419601
299.50174,40.670799
299.50174,40.670799
299.50174,40.670799
288.43359,40.380878
286.39862,45.343529
286.39862,45.343529
282.01251,46.4282
290.25385,48.360821
291.38599,41.990269
292.62637,44.02113
295.86008,39.140839
293.56635,42.13258
293.56635,42.13258
294.76697,41.64468
290.43323,51.626041
290.54007,41.09304
290.2471,38.33939
288.96942,44.359009
294.30652000000003,39.765282
291.25018,49.231834
296.54736,39.222542
286.86526000000003,41.796021
289.34732,44.208511
290.94449,40.480042
290.94449,40.480042
292.49802,49.329006
294.57697,38.265518
294.1062,46.210991
285.09872,41.775921000000004
294.63833999999997,39.39798
297.82056,41.96693
284.35446,40.723286
287.19247,39.626148
285.79724,40.93618
284.56567,41.778481
295.10114,40.986678999999995
284.56567,41.778481
285.71741000000003,44.758419
294.36057,38.948181
295.67798,51.257839000000004
299.6611,44.112381
298.66235,48.24876
297.74728,48.694309000000004
290.28503,40.689362
290.08276,50.863479999999996
290.08276,50.863479999999996
294.52859,46.640968
297.02008,43.432549
296.77283,50.188419
294.29453,50.725367999999996
299.05725,44.074902
285.72879,38.506972999999995
288.83136,47.551990999999994
288.83136,47.551990999999994
288.83136,47.551990999999994
289.64763999999997,43.579182
287.94861000000003,42.156139
288.76697,46.394421
289.39474,41.782348999999996
285.87579,41.332432
284.45947,40.142559000000006
295.23151,44.1129
294.52859,46.640968
294.52859,46.640968
293.20453,45.435398
297.06961,40.525131
287.0863,46.945808
292.47797,46.022831
291.68573,39.42886
291.84131,45.17918
299.65961,40.843849
293.07806,38.359081
292.23782,39.00507
288.88662999999997,44.83955
285.75203999999997,39.24921
287.47852,38.228840000000005
292.33755,47.6642
294.86319,40.007511
294.33646,44.918289
294.33646,44.918289
299.67587000000003,47.07584
292.87228,46.098881
299.55634,40.460297
291.18497,40.311211
295.43967000000004,44.039162
285.01721000000003,42.085381
292.08746,49.788761
286.33835,48.744099
284.4447,40.693508
298.85361,40.131088
293.68356,47.833141
295.15051,46.772304999999996
295.15051,46.772304999999996
291.34997999999996,45.172272
296.29355,43.403271000000004
298.03931,39.901939
296.26456,39.40596
296.26456,39.40596
294.83102,46.659591999999996
293.07833999999997,42.277039
288.95551,44.7057
291.25018,49.231834
288.37023999999997,43.35461
288.37023999999997,43.35461
288.37023999999997,43.35461
288.37023999999997,43.35461
288.10086,50.033718
287.34573,43.378391
293.60873,42.197681
299.07883,40.832291
283.73706,47.797131
299.16049,41.14373
290.20162999999997,48.185821999999995
290.20162999999997,48.185821999999995
296.88653999999997,42.655079
291.89893,41.744492
292.37903,39.435840999999996
294.47125,40.278759
290.9288,47.887249
297.27222,43.098721000000005
297.3176,48.239368
295.48651,51.0135
292.42749,38.472912
299.50751,40.477428
299.06491,41.508301
299.62952,47.479809
297.98141,39.900162
294.86688,46.790562
299.35519,40.43306
290.69372999999996,48.701481
291.38599,41.990269
282.49222000000003,43.980209
286.95844,42.541382
293.79357999999996,40.240929
289.19547,46.651699
297.59085,40.81496
292.90903,40.152039
297.19928,41.226428999999996
286.58014,45.163821999999996
289.06485,50.460972
284.67537999999996,44.417770000000004
295.33014,39.16254
289.92145,46.74456
289.92145,46.74456
285.91943,38.871815000000005
293.73282,41.900828999999995
285.98483,43.090912
292.5448,47.37191
292.5448,47.37191
293.72893999999997,41.701209999999996
297.59085,40.81496
297.37332000000004,40.366402
293.25812,46.305729
298.76403999999997,48.64492
293.67047,41.410252
292.97125,41.03577
292.97125,41.03577
298.98037999999997,40.872040000000005
294.75768999999997,46.83112
292.38855,42.233261
288.10086,50.033718
289.55301000000003,41.297852
281.04916000000003,43.322601
294.59656,46.048302
281.64774,48.271049
291.24518,37.75906
295.34222,48.856152
297.86011,46.386261
283.74142,49.067982
290.99536,43.243938
282.49222000000003,43.980209
296.58734,50.490761
291.85898,41.728489
297.84125,42.118252000000005
284.54184,48.961281
299.7915,44.281231
295.8941,42.380451
295.8941,42.380451
290.14175,37.741367
294.25338999999997,42.062382
298.03104,42.052479
290.57672,39.95689
289.95581,38.463631
293.60393999999997,39.388599
293.73282,41.900828999999995
291.5481,50.35331
287.84833,39.358429
300.73239,44.107059
288.84711,47.022911
285.33636,46.31237
288.11606,42.440418
298.55927,40.604858
291.74017000000003,38.014912
294.53934,43.60778
284.6232,39.182411
300.08737,46.200695
293.29837000000003,43.55587
292.61511,42.764252
284.36902000000003,40.718491
281.2738,47.774399
291.02859,43.91367
293.52756,41.111439000000004
289.31149,51.320862
292.77954,47.452099
293.09112999999996,38.3521
293.07662999999997,46.21801
289.84772000000004,44.185783
286.17053,43.008911
298.55576,41.034061
287.53577,48.727790999999996
285.31125,47.848564
295.84747000000004,40.006721
294.8418,39.91888
291.38599,41.990269
291.77182,41.098068
294.23764,45.197105
288.17789,47.36668
293.93347,40.590740000000004
298.41934,40.440819
284.83841,42.070431
296.27771,46.89986
296.27771,46.89986
291.00287000000003,44.899452000000004
289.53882000000004,41.892818
289.36441,41.533229999999996
285.19,46.027962
300.34406,45.623219
282.31351,46.419399
299.93927,45.83321
294.37619,38.757870000000004
295.37737999999996,39.048031
300.66025,45.853519
289.10992000000005,39.685390000000005
291.44766,38.149281
291.46866,40.343849
291.46866,40.343849
291.46866,40.343849
295.66913,38.795840999999996
287.00909,46.796101
285.68408,38.262817
295.32401,40.902190999999995
284.04233,41.699139
283.56531,46.904251
298.21527000000003,45.406890999999995
288.53854,40.877109999999995
287.82639,40.696602
296.99655,49.25642
297.94476000000003,42.191879
290.47311,37.9062
293.6076,42.058997999999995
285.31125,47.848564
296.21518,39.52705
295.82144,46.053028000000005
295.82144,46.053028000000005
289.34732,44.208511
294.54373,40.313862
284.41592,48.65802
284.41592,48.65802
283.74582000000004,48.373432
291.57422,38.655949
296.23282,42.47279
288.15671000000003,41.877972
296.7236,44.853142
295.15219,49.587601
292.19971,42.046089
292.19971,42.046089
285.19,46.027962
285.06491,41.554871
297.58987,40.60194
287.69272,46.366928
282.63138,46.48111
289.91742,40.828606
297.2952,42.011681
298.83588,40.29314
291.61188,42.115971
297.00354,44.775089
299.59561,40.622822
287.72565,48.651379
286.3718,43.691921
295.77367999999996,43.671951
297.01883,50.408981
280.51175,44.159351
290.49512000000004,38.795479
290.49512000000004,38.795479
295.6088,38.735741
293.67532,41.295361
287.08997,41.373878000000005
289.1702,50.627621000000005
289.21481,50.650921000000004
289.88065,51.277081
290.99692000000005,37.199219
290.27777000000003,37.78933
291.534,38.816261
283.33533,47.208832
282.69995,45.42577
290.51018999999997,38.743542
287.19815,38.42897
297.88464,48.00145
300.93737999999996,45.49007
300.93737999999996,45.49007
293.99973,38.232269
291.16437,45.318290999999995
289.08606000000003,41.562958
286.14804,43.369202
287.08997,41.373878000000005
297.354,41.300049
299.31955,41.384640000000005
293.18032999999997,41.61776
283.25549,48.355232
297.48691,49.623451
291.66418,38.619254999999995
284.47217,39.911812
290.85458,42.086921999999994
281.91568,42.775509
289.32925,42.655811
294.96811,49.556511
292.18011,49.20248
288.45065,40.245327
296.85925,50.560162
292.73764,42.014832
290.88831,51.248169
297.42636,43.816502
290.99167,40.229321
292.57336000000004,46.36684
293.18032999999997,41.61776
293.92972000000003,41.602871
288.82302999999996,42.542728000000004
288.9256,42.531509
296.46732000000003,42.598785
281.91568,42.775509
291.38776,44.529109999999996
289.22617,49.548199
291.38776,44.529109999999996
299.67615,40.856491
299.12244,41.86676
296.78445,43.619011
298.40137000000004,44.838181
294.54041,44.190979
292.97775,38.42078
295.58648999999997,49.666851
281.11234,43.227790999999996
281.11234,43.227790999999996
281.11234,43.227790999999996
295.2374,46.81963
293.26605,45.350697
289.08606000000003,41.562958
296.46732000000003,42.598785
282.13552999999996,43.039101
282.13552999999996,43.039101
290.3815,43.292988
290.3815,43.292988
283.25549,48.355232
292.23492000000005,42.909458
290.62523999999996,44.873959
291.2012,51.144279
288.32147000000003,51.726601
288.32147000000003,51.726601
285.57397000000003,38.400902
295.58648999999997,49.666851
294.34164,46.49876
284.92859,42.422309999999996
288.45065,40.245327
297.85632000000004,40.218102
292.54575,49.416969
296.28064,50.755669
298.71362,46.903118
290.3815,43.292988
297.27187999999995,43.333309
282.39194,43.889351
282.39194,43.889351
282.39194,43.889351
285.57397000000003,38.400902
296.51059,42.54744
285.57397000000003,38.400902
292.6933,37.705513
292.05676,37.776192
292.05676,37.776192
291.6756,48.762562
294.96246,46.676289000000004
298.75836,41.159882
298.75836,41.159882
289.09106,40.751121999999995
293.82662999999997,38.856621000000004
297.64227,49.594978000000005
285.36624,49.044868
298.57687000000004,44.621609
298.81638,43.998039
288.15398999999996,44.068821
290.11752,44.87294
294.34146,38.340519
295.94781,44.827831
291.84805,44.96822
289.73972000000003,44.647419
290.70102,38.954681
291.12799,38.914688
293.67245,38.985699
287.97577,39.087181
287.97577,39.087181
292.22739,42.451969
285.15692,47.873329
287.12234,42.70694
286.98013,38.165217999999996
298.36188,41.781109
288.21072000000004,42.556808000000004
289.69748,43.372089
294.71677,45.781269
292.65839,49.865189
295.52417,49.829552
296.55386,43.543178999999995
291.84805,44.96822
290.20993,45.251903999999996
284.06113,45.506851
288.02454,46.30587
297.30969,46.449471
293.44879,37.722640999999996
290.20364,38.374931
290.34735,38.377899
294.14966,38.458271
292.21509,38.548592
288.53082,40.942299
298.97055,40.382729
287.60222999999996,42.075741
298.66348,43.89407
290.94989,40.605221
292.1218,41.927029
296.58718999999996,40.722988
285.33657999999997,38.450520000000004
287.36328,49.45689
295.53839,51.202961
301.04812999999996,44.037689
299.22189,44.180519
286.65604,46.783543
286.65604,46.783543
287.36947999999995,46.768219
287.36947999999995,46.768219
293.57629,46.775471
294.11075,38.710232
298.70923,47.840019
294.11075,38.710232
287.21872,38.862522
284.70691,38.936821
289.56802000000005,41.771561
295.46259,39.168479999999995
294.16643999999997,44.886311
293.43079,46.692089
289.67856,40.249641
291.17328,44.921131
284.29958999999997,42.604321
297.71157999999997,46.768021000000005
292.47977000000003,43.227024
292.24902000000003,46.164821999999994
298.81821,46.94035
296.85922,49.162048
296.85922,49.162048
296.18344,47.358761
294.02911,39.051849
292.03107,39.24548
291.4183,38.672359
293.57086,39.25264
288.75781,39.350571
294.5123,39.462139
298.78799,45.77422
288.53082,40.942299
293.61926,46.413342
282.9975,41.678551
298.44647000000003,40.624882
296.04401,42.454708000000004
280.70853,47.32806
280.70853,47.32806
291.86492999999996,49.32592
297.32971000000003,46.136089
297.65094,47.39629
290.95792,47.406281
291.81857,47.675282
283.91089,47.787048
295.48651,51.0135
292.57779,40.667858
297.39371,39.829041
290.73447000000004,45.297791
295.19968,46.832321
295.09027000000003,45.081181
295.09027000000003,45.081181
292.25464,37.97142
291.60175,42.86388
296.20383,42.777828
296.935,44.850269
295.21036000000004,46.749321
290.88931,42.45966
296.61725,41.281189000000005
289.28979,40.681671
295.68481,47.748081
295.91885,41.332432
297.97089,47.731682
297.97089,47.731682
285.88837,47.880379
285.88837,47.880379
291.78754,42.469528000000004
290.22067000000004,41.868721
294.86618,48.638981
294.86618,48.638981
299.03448,47.90485
291.40945,38.340019
283.23581,41.34304
291.40945,38.340019
299.72845,44.031811
298.65317000000005,47.713710999999996
292.80722000000003,38.884232
285.73981000000003,40.980049
290.61798,37.289089000000004
290.61798,37.289089000000004
285.34695,48.312248
297.66467,47.801392
297.96155,48.244362
297.96155,48.244362
295.1189,48.481281
295.1189,48.481281
293.0708,37.98687
286.68945,39.211909999999996
293.31167999999997,46.041709999999995
286.27167000000003,45.440811
290.04388,44.370602000000005
286.5806,48.544189
297.04208,39.912231
293.8902,48.336121
295.26227,46.78138
298.53967,40.183659000000006
293.71912000000003,43.124592
293.71646,46.226653999999996
296.11734,47.879829
282.94565,47.574905
282.94565,47.574905
295.1189,48.481281
294.97745,38.678352000000004
283.34027000000003,48.549042
286.52481,48.683601
298.66092000000003,48.606369
299.707,43.622601
300.71927,45.09605
293.53629,39.690090000000005
296.19614,45.634331
293.98346000000004,39.43042
299.08099,42.018139
294.29004,39.126869
295.06442000000004,39.960659
283.23581,41.34304
295.92065,47.448608
290.26027999999997,38.354988
297.03922,39.785259
298.04419,47.627918
297.27797999999996,48.320332
297.27797999999996,48.320332
300.15186,45.089611
287.32662999999997,48.673431
291.15738,48.861145
293.68573,48.825142
286.85266,49.261681
292.4404,43.209431
287.86142,49.264462
284.4335,49.305161
287.46606,40.75845
295.21752999999995,39.933128
283.1507,45.139832
287.655,39.244289
296.73724,44.50148
291.84781,48.968128
299.44732999999997,41.398121
288.24377000000004,41.110081
286.76147000000003,38.343509999999995
285.7485,44.632462
300.97794,44.089069
296.35733,48.86372
298.26895,48.916740000000004
284.73904,49.5984
284.73904,49.5984
285.04169,50.075378
284.4335,49.305161
283.33606000000003,47.174541
284.4335,49.305161
292.03091,37.773528999999996
298.06768999999997,49.412601
295.21268,49.56218
295.21268,49.56218
294.59052,41.946509999999996
290.86771,38.960121
296.00943,50.498379
294.53619,46.50983
295.68484,39.256142
288.14763999999997,43.099709000000004
281.74261,42.123081
287.20587,38.498055
291.88632,44.478981
293.77737,38.775459000000005
283.23581,41.34304
298.38052000000005,47.836048
290.34851000000003,50.902851
286.24719,50.242409
290.49426,52.055519
290.49426,52.055519
285.66165,37.9645
290.26614,38.837917
290.12018,38.50951
296.41855,49.5401
296.41855,49.5401
296.56662,49.696251000000004
297.73639,49.63715
293.91489,50.46933
286.81937,46.91169
290.97222999999997,40.994678
292.08185,38.915031
296.61996,48.9058
288.45065,40.245327
283.94244,41.4716
287.3912,42.194832
287.97885,42.679359000000005
287.97885,42.679359000000005
287.97885,42.679359000000005
286.01587,38.411339
294.66797,43.85326
290.73517000000004,44.09132
301.14789,44.104541999999995
286.04712,45.053211
286.04712,45.053211
299.67587000000003,47.07584
287.56473,44.305
288.44153,45.609001
292.4274,44.381271000000005
281.76578,44.576370000000004
291.05722000000003,44.632381
299.90591,45.439678
290.38982999999996,45.665329
296.96027000000004,46.034302000000004
295.43478,46.203129
287.698,42.338718
284.67728,44.79768
297.67261,48.302310999999996
298.10571,48.40115
283.50726000000003,48.552601
290.43759,48.791882
293.16016,48.881190999999994
288.45605,45.80212
283.54416000000003,45.225552
300.90778,45.45787
288.68869,41.15118
293.05722000000003,45.551189
285.3385,46.309872
290.88831,51.248169
293.88293,44.638088
288.58405,44.733799
288.58405,44.733799
292.22031,44.700031
293.17132999999995,45.065601
287.37125,39.603569
297.97424,46.804562
294.02297999999996,46.99955
283.0228,47.261131
283.0228,47.261131
283.0228,47.261131
297.71039,48.083832
293.16016,48.881190999999994
293.16016,48.881190999999994
293.78574,45.01849
296.80893,48.965389
286.55102999999997,49.418739
287.1011,46.896481
287.1011,46.896481
287.1011,46.896481
288.84902999999997,47.021969
288.67068,47.399139
292.50378,41.830421
287.69119,47.546902
293.17132999999995,45.065601
291.18338,45.323170000000005
283.37482,43.788219
291.18338,45.323170000000005
291.18338,45.323170000000005
296.81369,47.526610999999995
297.70023,47.86375
285.48505,48.054321
