291.93422999999996,48.141651
291.93422999999996,48.141651
297.00482,48.134128999999994
285.53461,48.28521
288.75487999999996,48.2262
296.28612999999996,48.22467
296.28612999999996,48.22467
296.28612999999996,48.22467
298.86435,42.151569
286.99948,48.37579
286.80847,49.316399
292.24728,47.969521
281.28812,42.45108
295.64871,48.49556
297.07993,47.597401
289.25821,47.635319
295.81453999999997,47.69035
297.15442,47.668701
288.13824,47.724449
283.71088,47.86327
283.76547,47.804297999999996
292.37613,47.880989
292.37613,47.880989
292.37613,47.880989
292.27374,37.671558000000005
290.46512,47.92918
297.80826,47.946671
294.26581,49.314091
295.66522000000003,49.351009000000005
296.69861000000003,49.316479
283.72592000000003,49.479519
291.72202000000004,49.480869
286.99948,48.37579
286.99948,48.37579
297.02563,48.478588
285.71854,48.505859
285.71854,48.505859
292.16705,48.727589
297.92365,48.777321
298.45685,48.791592
291.0939,48.933842
287.88732999999996,46.276241
295.55505,49.017342
285.49924,49.277351
291.93616000000003,49.253979
297.01547,49.225288
284.17233,49.360721999999996
291.62241,50.61824
295.81616,51.121738
295.81616,51.121738
289.39972,51.25032
300.86397999999997,44.337551
287.88732999999996,46.276241
288.98682,49.733742
286.73804,49.97575
286.73804,49.97575
286.73804,49.97575
290.78574,50.054119
294.31686,50.080231
285.17621,50.149817999999996
289.23553,50.241001000000004
293.83331,50.23035
293.83331,50.23035
287.88732999999996,46.276241
296.22195,50.28722
290.09805,50.321609
295.45529,50.49456
293.97336,50.531909999999996
293.97336,50.531909999999996
296.02133,50.56778
300.86397999999997,44.337551
292.31595,38.27029
294.36818999999997,38.31028
291.65353,38.494659000000006
291.65353,38.494659000000006
291.0448,51.321671
296.36652000000004,51.319519
296.36652000000004,51.319519
289.11221,51.737381
290.84369,37.728828
291.84891,37.713501
291.43997,37.905659
290.87051,38.273628
290.99689,38.28492
291.28195,38.241669
286.07912999999996,39.27832
286.07912999999996,39.27832
300.86397999999997,44.337551
286.07912999999996,39.27832
294.65524,39.308361
294.71063,39.52174
293.87192000000005,38.422939
293.81619,38.563568
293.94116,38.601101
290.33362,38.728229999999996
287.69675,38.886452
285.28362999999996,38.947281
300.86397999999997,44.337551
285.28362999999996,38.947281
285.28362999999996,38.947281
286.92638999999997,38.921631
287.74881,38.92955
285.21381,39.027481
287.09398999999996,39.060719
289.31543,39.153278
286.07912999999996,39.27832
295.37805,40.493401
290.46176,40.562462
297.02826,48.208611
290.46176,40.562462
290.46176,40.562462
290.58173,40.5774
285.92001,39.624828
294.4899,39.771439
283.86638999999997,39.898078999999996
288.81201,40.033401
294.14789,40.055538
295.11371,40.071171
291.06152000000003,50.265128999999995
297.02826,48.208611
294.77686,40.15374
283.53845,40.217999
296.00699,40.295429
283.25354,40.358189
283.22141,40.421828999999995
283.22141,40.421828999999995
291.14951,40.420521
294.22397,40.417858
298.96112,40.862808
299.3161,40.822379999999995
292.23676,41.085879999999996
297.02826,48.208611
292.23676,41.085879999999996
294.05676,40.549679
294.74396,40.53392
295.50439,40.505489000000004
287.89713,40.637821
287.89713,40.637821
287.89713,40.637821
287.89713,40.637821
297.02826,48.208611
287.89713,40.637821
294.20215,40.66341
294.20215,40.66341
299.64285,40.691238
291.15878,40.750271000000005
291.15878,40.750271000000005
292.21436,40.759762
293.87811,41.661770000000004
299.18686,41.74268
283.31638,41.83712
286.5657,41.808399
286.5657,41.808399
292.23676,41.085879999999996
292.91312,41.060921
292.91312,41.060921
293.49661000000003,41.137589
283.86441,41.346458
288.51001,41.301769
296.88821,41.396091
287.1543,41.565788
284.86929,41.679192
287.36279,38.649601000000004
288.9942,41.633282
292.10519,42.380322
293.00797,42.307201
291.63898,42.436321
291.63898,42.436321
291.63898,42.436321
289.50847999999996,41.812119
291.76041000000004,41.944069
293.17929,41.969238
285.11047,42.033958
294.55917,46.062328
285.11047,42.033958
289.89777000000004,42.009151
286.24356,42.148811
290.00757000000004,42.116459000000006
284.08731,42.233230999999996
293.81647000000004,42.212502
287.24268,42.301369
287.24268,42.301369
287.24268,42.301369
291.58377,42.368159999999996
294.55917,46.062328
291.67172,42.343109000000005
292.87338,42.966141
292.87338,42.966141
292.87338,42.966141
292.87338,42.966141
294.90972999999997,42.935261
291.63898,42.436321
292.13702,42.42942
292.13702,42.42942
291.11969,42.507069
294.40192,50.172089
289.26874,42.604172
289.26874,42.604172
291.96417,42.69614
296.48343,42.663429
296.48343,42.663429
296.69394,42.62611
287.88412,42.832439
293.63696,42.82497
293.63696,42.82497
293.63696,42.82497
294.46088,38.383461
297.46002000000004,42.83992
290.39273,40.28487
290.39322000000004,43.363898999999996
290.39322000000004,43.363898999999996
292.96555,43.34639
299.00142999999997,43.399632000000004
294.90972999999997,42.935261
295.83536000000004,42.943062
296.68307000000004,42.967869
288.64252,43.039291
284.48245,44.398041
288.64252,43.039291
288.64252,43.039291
294.77393,43.056301
294.77393,43.056301
294.77393,43.056301
295.65148999999997,43.029831
297.97513,43.164909
291.1376,36.577381
282.69952,43.272739
283.63077000000004,43.379397999999995
297.45374,41.01099
285.16747999999995,43.876339
287.85239,43.897991
295.53612999999996,43.884449
285.16832999999997,44.026459
285.16832999999997,44.026459
292.92914,48.60281
296.41019,43.455391
293.0614,43.58136
293.0614,43.58136
299.56189,43.503559
282.23251,43.66563
282.23251,43.66563
290.39273,40.28487
282.23251,43.66563
296.98505,43.65852
296.98505,43.65852
296.98505,43.65852
281.96063,43.703109999999995
290.26328,44.55645
290.26328,44.55645
295.57935,44.545959
295.57935,44.545959
284.83047,44.658138
288.72665,44.60751
285.16832999999997,44.026459
285.16832999999997,44.026459
285.16832999999997,44.026459
296.50754,44.036072
289.59476,44.141949
289.59476,44.141949
289.59476,44.141949
296.56622000000004,44.105862
296.56622000000004,44.105862
296.56622000000004,44.105862
292.92914,48.60281
296.56622000000004,44.105862
298.63565,44.17094
298.67862,44.175499
284.43051,44.48053
284.75943,45.599129
285.55481000000003,45.578860999999996
293.68494,45.51683
296.39316,45.568562
296.39542,45.56992
288.90222,49.370490999999994
282.30602999999996,44.714661
293.45482999999996,44.792789
301.04956,44.706299
283.97751,44.811562
290.63898,44.806789
291.71732000000003,44.88731
291.84198,44.858089
291.84198,44.858089
291.84198,44.858089
294.84689,45.034409000000004
297.47586,41.114288
291.09235,45.115528000000005
291.20804,45.244389
289.72747999999996,45.367661
286.36011,45.414291
294.71768,45.48576
292.58044,46.097389
292.58044,46.097389
292.58044,46.097389
292.58044,46.097389
297.04562000000004,46.027359000000004
289.60797,44.345421
297.78848,45.565418
288.1647,45.816509
288.1647,45.816509
288.1647,45.816509
294.02301,45.853081
294.02301,45.853081
294.02301,45.853081
294.02301,45.853081
283.73203,45.958771
283.73203,45.958771
296.20059,49.140121
293.01828,45.914688
296.06424,45.976841
296.06424,45.976841
296.06424,45.976841
296.81772,46.781509
290.41327,38.34375
290.41327,38.34375
290.41327,38.34375
293.22391,38.033581
296.98102,43.209751000000004
287.58679,47.600021000000005
281.55118,47.469959
296.23215,47.678959000000006
297.10348999999997,47.643570000000004
290.91119,38.335578999999996
281.66916000000003,42.038639
295.26682,38.61124
287.61633,39.127239
289.09323,49.424484
286.0192,48.866741
295.09866,41.007038
298.13589,41.332062
293.28799,41.560455
298.77325,41.214729
292.61194,43.305141
291.65317000000005,44.688271
291.17068,38.008590999999996
294.52557,38.204632000000004
292.7131,38.358212
292.7131,38.358212
289.7962,38.351181
286.49042000000003,38.374908000000005
292.77588,47.461689
295.79526,47.663959999999996
296.82162,47.354031
295.92065,47.448608
292.0683,38.84227
282.00031,48.542221000000005
297.31006,49.703041
282.00031,48.542221000000005
295.80267000000003,45.988079
287.36182,38.714016
290.94437,38.538868
298.9917,41.074989
291.82181,41.11269
296.86099,41.09734
294.16321,41.451801
299.39972,45.316051
286.49042000000003,38.374908000000005
286.49042000000003,38.374908000000005
291.6069,38.348061
287.44409,38.088428
292.27905,38.284531
292.37476000000004,37.630959000000004
292.07849,38.631481
296.13391,38.999008
293.92599,38.73798
286.86926,39.103729
291.99987999999996,38.437698
292.71963999999997,48.852016
284.02679,49.415428000000006
298.80411000000004,40.843563
295.59872,50.720669
283.73642,44.71331
291.76196,37.09864
295.58657999999997,45.364979
290.51047,41.244820000000004
290.51047,41.244820000000004
290.51047,41.244820000000004
290.51047,41.244820000000004
290.60794,41.201091999999996
289.7767,38.26228
291.97617,38.05508
291.97617,38.05508
290.13492,38.404221
291.42357999999996,38.216590999999994
295.29193,38.964588
291.44507000000004,38.637211
285.08026,39.182109999999994
291.47629,38.50058
294.74054,39.015511
300.51712000000003,44.38158
289.87411000000003,49.68549
291.0488,36.839882
298.44775,47.264998999999996
291.92596000000003,38.014117999999996
291.92596000000003,38.014117999999996
291.65317000000005,44.688271
288.68259,41.307320000000004
288.44287,41.17218
293.2735,41.257690000000004
298.13794,41.334358
286.49072,37.489979
290.88467,38.057571
291.03192,38.21196
291.65097000000003,38.028178999999994
294.49011,38.194126000000004
287.88812,39.078709
293.80441,38.63913
293.80441,38.63913
293.80441,38.63913
300.51712000000003,44.38158
295.57416,42.806438
291.36478,37.609169
291.36478,37.609169
296.38229,48.045311
296.38229,48.045311
285.24084,46.668251
292.26181,41.442554
296.68045,41.386520000000004
293.08463,41.135441
293.08463,41.135441
293.08463,41.135441
294.49011,38.194126000000004
297.75708,41.680454
290.35294,41.769740999999996
298.71152,41.635791999999995
292.23679,41.7393
296.29855,41.602717999999996
293.74393,38.939281
294.65121,38.636459
292.57703,39.12088
291.69247,38.572899
300.51712000000003,44.38158
293.56815,39.03632
296.38229,48.045311
293.47362999999996,46.970402
296.49612,47.182860999999995
291.49942000000004,37.05928
290.72867,37.252651
293.08463,41.135441
299.15353,40.286961
290.1315,41.3815
297.98123,41.44487
299.0209,44.17276
285.06335,44.167885
294.1434,39.089779
299.13922,40.949020000000004
294.02725,41.675968
297.75311,41.675990999999996
290.21518,41.77597
291.07126,38.999039
294.07071,38.981331
295.94055,38.876389
294.61893,38.611889
293.87363,38.922482
291.03217,38.703911
290.72867,37.252651
291.14249,37.061321
293.71075,38.983608000000004
293.67657,38.991378999999995
290.77862999999996,37.564079
289.87347,43.203838
295.03925,44.191059
299.78632000000005,44.169540000000005
296.30942000000005,44.165741
300.867,44.14529
287.5932,44.17942
290.21518,41.77597
290.21518,41.77597
291.43329,41.703441999999995
287.27263999999997,41.635559
282.60336,44.28698
301.01672,44.233841
292.92276,38.47728
292.35287,38.942471000000005
292.47971,38.514919
292.47971,38.514919
292.47971,38.514919
292.47971,38.514919
291.38268999999997,37.072990000000004
292.46976,37.567791
292.46976,37.567791
291.07446,37.744389
292.04462,37.37624
287.5932,44.17942
288.0383,50.651610999999995
294.48438,44.166908
294.48438,44.166908
294.48438,44.166908
294.99734,44.321388
299.13922,40.949020000000004
284.51962000000003,44.453941
284.51962000000003,44.453941
301.40067,44.318039
298.21188,44.324638
293.56815,39.03632
293.56815,39.03632
290.0004,38.53989
295.97516,38.94664
293.95459,38.899971
292.04462,37.37624
290.68225,37.355109999999996
290.32791000000003,37.726742
292.89935,37.656059
288.4165,41.0298
295.51108,44.109261
290.5036,44.143581
300.32898,44.151119
291.27563,47.329491
299.70078,47.291752
297.39066,47.255711
284.99737999999996,44.410198
296.29196,44.33226
301.47577,44.319759000000005
282.72406,44.346470000000004
287.47742,44.237511
290.25357,37.759418
296.30762000000004,44.211459999999995
297.31597999999997,46.023258
297.00943,50.372318
297.31597999999997,46.023258
297.31597999999997,46.023258
284.68887,46.172249
298.07944,44.746319
299.65094,40.973282
292.26291000000003,37.236992
291.69672,37.238040999999996
291.15337999999997,36.678841
291.35402999999997,36.784519
289.71466000000004,47.342220000000005
291.14807,40.669399
299.83041000000003,47.157459
299.83041000000003,47.157459
299.83041000000003,47.157459
296.33435,47.145579999999995
299.13922,40.949020000000004
292.85965,44.200641999999995
296.54861,44.264671
285.62854,44.31089
291.89075,44.223728
285.39133,46.180939
294.79974,46.207569
297.9516,46.264721
297.9516,46.264721
296.65915,46.382172
297.62027,40.943089
300.45575,43.934349
293.38556,41.349819000000004
299.89722,43.903912
289.09689,44.004379
297.78802,47.10107
294.76855,47.13279
292.14447,47.157348999999996
292.14447,47.157348999999996
292.14447,47.157348999999996
282.2001,44.422298
282.2001,44.422298
284.38562,44.391289
281.76639,44.292549
283.00296000000003,44.284228999999996
283.00296000000003,44.284228999999996
291.86285,46.42926
287.56967000000003,46.567859999999996
297.36032,40.429809999999996
290.06799,46.57914
292.65704,46.537338
294.06847999999997,46.57933
298.07944,44.746319
289.09689,44.004379
295.4722,44.077381
294.84384,44.077678999999996
297.49332000000004,44.051868
296.48187,44.009151
297.39319,47.164631
290.10332999999997,39.781631
294.59612999999996,47.197449
281.05011,47.188148
283.1846,47.15567
293.24384,38.273270000000004
286.6301,38.945599
296.69562,47.327309
296.32027999999997,47.40657
299.10281000000003,47.377781
292.83301,47.495529
281.5238,47.755340999999994
294.06847999999997,46.57933
297.84241000000003,46.574268
297.84241000000003,46.574268
297.84241000000003,46.574268
297.84241000000003,46.574268
297.84241000000003,46.574268
292.93085,37.606640000000006
287.13388,37.839259999999996
292.26813,37.955639
291.85382000000004,37.74192
291.90326,37.90229
298.07944,44.746319
294.4335,38.35545
294.4335,38.35545
290.862,38.35358
286.00031,38.284599
293.02512,37.992641
292.84213,47.483829
296.69971,47.406731
297.01482999999996,47.486431
287.65362999999996,47.414809999999996
299.12753,47.59383
286.48227,46.692451
286.97119,46.868359000000005
299.09753,43.497589000000005
288.21193999999997,46.615002000000004
288.21193999999997,46.615002000000004
291.10846000000004,37.857791999999996
292.73627,37.560340999999994
292.29098999999997,37.580799
291.13849,37.859299
293.25412,37.846191
296.52429,39.249759999999995
292.58304,38.374378
293.18453999999997,37.969840999999995
287.61688,38.402321
290.18304,38.321940999999995
290.89407,38.435032
296.98102,43.209751000000004
299.12753,47.59383
299.12753,47.59383
288.86823,47.75943
291.30222000000003,47.697762
289.4317,46.617531
283.86602999999997,46.789589
282.35323999999997,43.335128999999995
291.25449,36.74361
287.55972,46.957085
295.47067000000004,44.010738
291.97754,37.532551
297.82956,41.141949
292.76434,41.27528
297.52545,41.261841
291.98337000000004,41.555111
295.94092,44.57835
292.85607999999996,38.37257
291.57916,38.035831
289.76482999999996,38.35236
294.11566,38.393478
290.41327,38.34375
291.30222000000003,47.697762
292.73892,47.49073
291.06293,47.484798
291.06293,47.484798
296.13141,47.43882
297.13327000000004,47.628769
292.21906,44.61916
292.21906,44.61916
294.41245,45.130852000000004
288.49948,47.996471
290.11569,38.40419
295.16049,41.0793
298.47424,41.07589
297.52862999999996,41.259910999999995
298.33893,41.073479
298.20035,41.011688
286.41,42.681549
286.41,42.681549
286.41,42.681549
295.3045,42.475288
281.60541,42.390419
283.20917000000003,48.777640999999996
283.20917000000003,48.777640999999996
287.85773,48.774109
290.95755,49.203812
292.3515,48.511082
294.21893,49.479221
292.17859,42.005909
292.17859,42.005909
291.3905,42.180592
291.3905,42.180592
293.75836,41.871868
293.75836,41.871868
291.3909,48.065609
291.3909,48.065609
290.67615,48.294289
290.67615,48.294289
290.67615,48.294289
295.16382000000004,43.963039
287.91635,42.437302
287.91635,42.437302
295.76614,42.424278
295.76614,42.424278
283.03979,48.825359000000006
283.03979,48.825359000000006
283.03979,48.825359000000006
287.02227999999997,48.681938
283.20697,48.580502
292.22839,42.03537
287.14943999999997,42.105209
292.3215,43.881168
292.23724,42.154289
292.47821,42.142288
290.67615,48.294289
290.92746,48.44355
290.92746,48.44355
297.11511,41.909141999999996
285.42429,47.83461
295.76614,42.424278
295.76614,42.424278
295.76614,42.424278
281.43735,42.725269
286.35806,42.406509
283.20697,48.580502
283.20697,48.580502
283.20697,48.580502
287.05701,49.046021
283.50479,49.451019
291.42755,41.878159000000004
283.46991,45.052459999999996
289.40573,44.516940999999996
291.90237,44.683731
290.26767,44.712849
288.70087,44.707679999999996
288.85528999999997,48.208542
285.66269,48.435371
283.53296,48.094260999999996
284.91049,48.431641
286.66568,48.144581
286.35806,42.406509
299.40701,44.035053000000005
288.0676,42.35537
286.88727,42.47126
290.20236,42.955890999999994
284.45691,41.56131
295.2887,48.59972
295.2887,48.59972
283.98297,49.23299
283.98297,49.23299
284.28253,44.987228
301.35507,44.492271
294.12143,48.349522
299.07388,44.431678999999995
291.44522,44.528690000000005
301.04239,45.022888
285.2211,47.881378000000005
295.29385,48.374802
290.55237,48.126263
290.55237,48.126263
297.11511,41.909141999999996
294.77393,39.333839000000005
293.46902,42.822410999999995
282.33279,42.463821
295.87633999999997,42.364819
296.3999,42.3871
292.05478,42.33025
295.78595,42.84428
283.98297,49.23299
284.84662000000003,49.692402
293.28827,48.811619
290.85177999999996,48.521339000000005
293.08447,48.575390000000006
291.22519,44.92738
294.10818,44.770699
294.10818,44.770699
294.10818,44.770699
293.61742999999996,45.016701
294.88181000000003,39.161072
296.47937,39.127571
293.36285,39.212447999999995
295.73193,39.587521
296.73502,39.187801
288.32043,42.261414
291.01358,42.283134000000004
299.54376,40.86026
295.05429,42.756840000000004
295.51068,42.930565
280.94385,42.839184
294.74207,43.536831
282.79764,43.578129
293.35129,43.134640000000005
283.2413,46.378471000000005
293.28156,43.055809
296.39639,44.963035999999995
287.1749,44.878571
294.12143,48.349522
287.1749,44.878571
296.93393,44.853642
292.13437000000005,44.65617
296.08185,39.161621000000004
288.65359,39.66431
296.23511,39.370338000000004
286.83487,39.760849
298.77338,47.786469
293.61121,39.417519
295.51068,42.930565
294.98547,42.727669
289.24817,42.565559
284.82272,46.013721000000004
282.18439,46.006859000000006
294.68027,49.140159999999995
297.97922,48.553871
286.03635,49.614509999999996
295.03461,48.882172
297.3916,48.560691999999996
286.57482999999996,44.7952
288.90857,44.64241
286.07523,44.664639
299.2749,44.553490000000004
289.88962000000004,45.005669
293.53415,44.971111
295.37079,39.177212
289.7261,39.272831
294.50842,39.398682
288.91643999999997,39.594711
291.92065,45.247028
297.57349,45.233299
290.88354,45.765869
292.48694,46.196209
286.36188,45.555161
290.49307000000005,45.205898
283.9368,49.110329
283.9368,49.110329
283.9368,49.110329
289.04999,51.418369
296.02509,43.234875
296.02509,43.234875
289.80521,46.491710999999995
293.6413,44.65704
294.12143,48.349522
293.6413,44.65704
294.2655,44.7943
288.86734,44.61573
286.01587,45.007771000000005
288.91643999999997,39.594711
288.91643999999997,39.594711
296.65308,39.322689000000004
289.7439,39.286301
297.71185,45.261921
293.38662999999997,45.87027
283.18908999999996,45.36417
294.91586,45.783871000000005
293.70905,45.286388
297.60528999999997,45.36068
283.55554,45.614262
297.89658,43.563889
294.54739,43.533691
295.4783,39.867722
295.095,43.537579
289.60382000000004,46.314949
283.25681000000003,45.08778
299.22162000000003,44.693871
285.0361,45.071059999999996
285.0361,45.071059999999996
288.90252999999996,44.632992
291.02013999999997,39.22068
296.35867,39.115189
296.35867,39.115189
296.35867,39.115189
296.35867,39.115189
284.79102,45.228989
284.20966,45.25808
291.02185,37.769791
287.392,46.059311
287.392,46.059311
299.6777,45.972328000000005
286.91711000000004,38.872219
293.61877000000004,39.022572
288.31436,38.693290999999995
293.59583,39.02948
298.34421000000003,45.40992
300.51712000000003,44.38158
284.67728,44.79768
297.11511,41.909141999999996
284.67728,44.79768
284.67728,44.79768
284.67728,44.79768
285.61746,39.379532
288.82291000000004,40.38905
292.27612,39.550179
292.27612,39.550179
292.27612,39.550179
284.58255,39.220211
285.96786000000003,45.739071
295.76083,45.457390000000004
293.17416000000003,45.521229
294.79001,45.391621
295.92609,45.383862
290.47995,45.6007
286.84528,37.815891
293.64841,38.976021
292.00681000000003,38.820728
294.35049,38.602131
295.21664,38.77433
286.58316,39.077202
293.37225,44.785140999999996
293.37225,44.785140999999996
296.71735,44.579659
286.96682999999996,44.992489
293.22995,45.053309999999996
297.71185,45.261921
296.43408,39.444069
290.47742,39.732009999999995
294.7699,39.398509999999995
294.7699,39.398509999999995
287.05453,45.18037
294.4639,49.765041
283.57422,45.734798
287.45279,45.704399
285.98865,45.377811
290.29456,45.564609999999995
286.58316,39.077202
288.1337,38.99688
290.86142,38.641129
291.01904,38.54557
290.66681,38.568329
287.99789,50.944328000000006
296.00711,44.853474
283.31592,48.404872999999995
297.11511,41.909141999999996
291.63698999999997,47.83234
298.25802999999996,48.217361
294.18967000000004,39.617119
284.86014,39.240551
292.63,42.829338
291.61008,42.759762
293.02036,42.508835
292.7399,42.359402
285.24667,45.950191
285.43552,45.976021
291.07468,45.24258
285.34583,45.367779
285.34583,45.367779
285.34583,45.367779
287.30786,39.144729999999996
290.10717999999997,38.702228999999996
290.10717999999997,38.702228999999996
292.4968,39.193169
293.8129,42.04871
291.98694,42.037651000000004
289.02017,48.119808
297.71039,48.083832
296.71634,48.211262
290.29385,47.96759
294.0217,48.390419
296.93268,48.266490999999995
298.18362,42.01313
286.30026000000004,42.374828
297.10837000000004,42.751663
294.09109,42.491459000000006
297.46533,42.882839000000004
297.46533,42.882839000000004
294.21893,49.479221
301.26144,45.104893
293.38153,48.82476
296.50739,49.457291
284.98886,49.626059999999995
298.76062,48.600182000000004
295.62222,42.09288
295.86691,42.062672
297.70712000000003,42.047371000000005
298.09171000000003,41.794128
287.99789,50.944328000000006
288.03989,41.818359
297.116,47.737949
296.83725,48.239944
297.11511,41.909141999999996
292.08905,47.929642
289.79077,48.448139000000005
298.80545,42.39584
294.96606,42.708569
292.1199,42.931678999999995
298.45953,42.187431
295.8255,42.94339
287.05172999999996,40.211552000000005
285.41196,48.725231
290.1127,48.577782
287.65045,49.156052
286.54001,49.437328
286.54001,49.437328
297.33563,41.89048
281.74261,42.123081
297.88437000000005,41.931252
298.79498,41.759769
298.13525,41.95105
296.14877,47.934872
293.61371,47.839001
293.2822,48.2859
291.59409,48.445609999999995
293.14648,47.729649
295.8255,42.94339
295.8255,42.94339
295.8255,42.94339
291.02069,42.46244
291.02069,42.46244
286.54001,49.437328
284.25131,48.809608000000004
292.32858,49.653542
296.32198999999997,48.971481
283.20917000000003,48.777640999999996
287.3912,42.194832
287.3912,42.194832
287.3912,42.194832
298.74422999999996,46.830090000000006
294.58929,41.944382
297.20895,41.781712
