290.70651000000004,48.226559
281.89813,42.28587
282.33563,42.84544
292.96982,45.905578999999996
283.72552,45.676849
288.85028,44.596939
292.95526,47.573101
295.1333,43.631432000000004
298.82495,46.713531
290.39172,43.440338
293.80884,48.36562
294.4418,40.571678000000006
290.39505,41.78157
297.83713,42.079369
299.27657999999997,44.291981
299.41986,47.562832
287.84,38.255489000000004
291.36188,49.02198
293.29227000000003,38.2118
296.10406,42.34259
294.45569,46.743561
288.57358,51.472752
292.47888,38.657921
291.21338,42.625599
290.01245,41.089989
286.39583999999996,43.075821000000005
288.302,47.775551
285.17334,48.770039000000004
291.69104,38.61499
293.98871,46.718021
289.01178,51.376019
295.07507000000004,44.382992
290.81366,40.254875
291.36188,49.02198
291.36188,49.02198
294.48499,38.352859
295.21127,41.086971000000005
291.19507000000004,40.702702
282.25021,44.921108000000004
290.58612,46.642689000000004
288.58835,42.605659
295.88568,39.31599
293.20139,45.454399
297.95297,40.806808000000004
295.22089,46.823879
288.09009,46.322948
296.20578,44.660446
291.06167999999997,51.404781
293.42361,42.917640999999996
293.95221000000004,45.318259999999995
291.98572,45.211441
291.7005,37.843731
291.51819,47.139301
291.40781,48.017891
289.75626,39.57645
282.12888,44.303162
285.51294,38.079739000000004
298.00357,48.564240000000005
288.79703,42.1689
298.00293,43.35461
296.2478,44.07679
294.7005,46.573132
283.85291,45.48526
283.58762,40.574928
291.79666000000003,47.385929
293.5423,43.0261
293.28802,43.514992
293.79684,45.160728000000006
293.79684,45.160728000000006
286.53278,44.554569
296.51666,44.608608000000004
299.20667000000003,45.64547
288.66077,43.36808
291.58682000000005,42.827621
293.6228,41.966491999999995
294.73132000000004,43.989360999999995
290.88486,39.115921
296.896,48.047259999999994
299.08536000000004,40.774529
301.15656,44.379532
293.82782000000003,48.054241
290.62658999999996,41.490959000000004
286.77161,39.266940999999996
294.33847000000003,50.33654
286.04739,38.979851000000004
289.18265,47.873379
291.62878,41.208599
299.60825,41.268341
296.63315,39.327141
299.08657999999997,45.776821000000005
294.20984,46.479969
296.81158,41.51569
287.93719,46.418490999999996
290.04114,42.105740000000004
294.99649,39.629921
287.39777000000004,43.414341
291.61646,48.775639
296.04196,48.681351
287.25299,45.90934
293.28015,46.560089000000005
290.44476000000003,48.462891
285.28362999999996,38.947281
286.62854,50.471272
291.18927,38.731159000000005
290.77655,47.64843
290.97906,50.258148
286.77313,39.277531
299.09537,43.439098
292.68515,41.905918
292.02621,41.984119
296.45776,41.266022
295.09201,49.940079
288.86852999999996,39.496132
290.62686,41.4604
292.61426,41.437228999999995
284.56689,49.01255
287.56268,45.679008
299.3028,41.441016999999995
290.27657999999997,41.269341
297.05902000000003,49.4785
288.70859,46.018188
296.06665,39.938010999999996
299.0098,46.684738
295.46341,46.01123
294.69696,46.720188
286.78354,44.73737
286.58829,44.640411
289.75229,41.634605
292.02828999999997,43.946362
294.01822000000004,38.226292
293.43478,41.716881
291.22042999999996,43.574268
289.61856,47.557968
283.70471000000003,47.385288
289.90417,38.651371000000005
298.75836,41.631031
296.66855,43.540569
291.91415,37.807819
295.59735,43.596401
291.12744,47.938801
291.88797,43.649811
295.36145,45.914840999999996
285.56747,38.040690999999995
298.91083,42.18504
295.66672,43.37035
290.57632,41.546188
290.14655,39.665821
293.52997,45.66433
285.59542999999996,40.679722
292.93552,42.824871
293.94012000000004,40.447189
289.87506,43.420959
300.23587000000003,44.76952
297.09583,46.211021
299.01312,41.329311
289.77954,41.214409
293.72,39.446449
289.26575,40.255482
300.6496,44.05574
283.35046,45.339110999999995
290.16418,41.782631
294.12762000000004,43.975128000000005
297.60236000000003,40.803219
297.27087,46.928421
291.20007000000004,39.053982
294.91486000000003,43.862431
296.77414,40.793282
284.68292,41.592411
295.47382000000005,39.124561
283.21274,45.349861
285.15942,47.882740000000005
287.6376,46.204411
290.0632,41.815220000000004
298.96481,44.45277
284.87134,49.775909000000006
282.61804,46.787521000000005
292.98517000000004,46.506569
288.59967,46.031712
287.08252000000005,46.104069
288.84711,39.934311
297.77898999999996,39.776001
296.17621,43.931751
291.64294,37.632408
290.7377,45.725367999999996
287.50766,44.314240000000005
289.75229,41.634605
289.26697,51.751221
294.22134,39.989521
298.78278,48.312809
295.90502999999995,45.405429999999996
301.56284,44.240390999999995
292.79254,47.576721
297.85822,41.330231
292.35605,39.11945
286.35922,42.227482
288.84711,39.934311
295.17537999999996,45.930908
291.16129,38.710602
294.46487,39.725390999999995
288.39529,39.872627
287.82877,42.061642
296.29056,44.42326
292.26291000000003,46.430640999999994
300.9288,44.356293
299.13779,43.498638
290.51785,41.238762
295.90502999999995,45.405429999999996
295.7023,43.900928
290.35947000000004,41.552052
284.6134,48.373470000000005
291.2941,41.91283
284.65337999999997,42.48835
295.19534,39.92725
289.74672999999996,50.99371
291.9281,41.968441
292.93643,46.753021000000004
288.44839,49.714031
291.45734,37.206841
287.64566,48.638821
291.21246,50.453559999999996
290.25931,46.885109
294.04175,39.457371
283.35046,45.339110999999995
283.83884,40.421974
289.18149,51.562538
283.57268999999997,41.695728
288.34488,49.021938
291.2941,41.91283
289.75229,41.634605
291.09943,44.545689
286.33011,39.683182
288.53769,43.258904
294.3735,40.65144
294.43747,44.180901
295.6709,47.830399
293.26266,46.30888
291.73361,47.109161
293.37381,44.727982
300.23587000000003,44.76952
293.05508,47.606739000000005
292.96661,39.899639
289.05286,46.67593
298.08716,42.164349
298.4985,41.08337
283.69351,40.018021000000005
291.78796,42.834099
290.51251,43.101279999999996
289.77826,38.262741
282.24762000000004,45.930779
291.69516,49.187859
296.51205,49.727759999999996
288.74072,49.543018
295.45059,50.54211
291.25027,45.655071
290.60806,37.801891
296.33688,43.60009
285.66843,45.374771
287.31485,39.538181
296.20569,44.498989
292.77634,38.39397
286.56032999999996,48.893051
289.2247,40.260818
287.06534,37.899479
295.24191,43.972599
295.85782,41.415690999999995
291.06143,50.22694
291.58875,44.907509000000005
289.72168,45.439758000000005
289.5531,41.056931
289.75229,41.634605
294.85272000000003,43.686459
298.45123,46.620861
291.54214,48.991192
296.22168,39.405762
286.54364,45.304871
291.51758,49.43462
285.22415,40.958931
286.51355,45.038044
298.90598,47.611359
293.73605,38.940041
293.29278999999997,41.997589000000005
297.23672,40.034039
292.51468,38.022059999999996
298.22542999999996,40.783989
292.46387000000004,41.299068
288.23523,40.612839
291.39968999999996,44.473099
286.37827000000004,43.07325
282.19565,47.105678999999995
294.30099,39.519058
291.27859,42.53738
286.77313,39.277531
288.01013,46.978519
295.21426,45.324509
290.16943,41.54974
286.83643,46.288509000000005
288.87082000000004,50.815559
296.52655,39.49091
298.54257,40.514790000000005
289.97791,50.668259
290.46512,47.92918
292.83698,47.553940000000004
295.30386,43.059681
284.73474,39.045361
287.67059,43.197239
300.94925,45.247952000000005
293.06857,42.957211
291.16476,48.052429
290.38583,41.552310999999996
294.51309,46.500759
294.67126,38.698971
290.51242,50.649288
296.04425,44.80529
289.5484,40.1642
295.33606000000003,40.392132000000004
288.03705,39.208988
289.5484,40.1642
297.81273999999996,45.508678
290.03314,38.426860999999995
289.07382,40.977531
295.41479,50.979012
296.3609,48.213001
284.04172,49.138199
289.63535,44.379711
293.14069,37.994469
294.58066,46.610592
297.04208,39.912231
300.29211000000004,44.731041
285.43997,45.011559000000005
290.14725,46.802872
291.00818,50.255589
295.96893,38.867168
284.91156,39.298618
295.37476000000004,43.500431
292.97867,42.056492
290.73434,51.770962
298.75527999999997,40.665217999999996
281.04361,42.975761
286.37338,37.919003000000004
298.43478,48.706139
297.23273,41.433411
284.34848,40.690659000000004
292.32425,42.88496
298.26816,41.251663
290.73431,48.16341
282.58282,42.346352
293.85294,46.590809
289.41427999999996,41.510040000000004
295.30652000000003,49.179668
294.88538,39.084202000000005
288.63861,42.857288
289.94693,41.802818
290.89783,37.972778000000005
288.11703,38.437733
287.0574,37.991367
296.97321,43.394669
291.53922,44.44706
291.12354,42.663353
291.75128,38.034431
290.42307,51.388729
294.60607999999996,39.920361
287.14621,47.183529
298.74335,40.072140000000005
294.88477,46.646591
287.17123,39.388329
297.53574,41.940571000000006
288.72598,40.531631
284.49561,44.988121
291.48654,39.211723
289.75653,46.952888
298.23792000000003,48.175758
292.25284,38.608990000000006
295.14267,39.93071
289.24884,39.106541
299.51422,41.220589000000004
293.72696,39.0368
290.96017,50.284679
295.18976000000004,42.523319
286.78522000000004,38.151641999999995
296.50925,44.625912
293.4678,48.12608
297.59963999999997,39.626339
293.44537,38.929588
295.29332999999997,40.183308000000004
287.07892000000004,43.068771000000005
297.19739,46.22826
292.8598,45.205791
291.08929,42.590969
296.05984,42.656040000000004
295.56357,39.417598999999996
290.96243,50.272628999999995
283.25119,40.72311
287.97504,46.35326
294.15502999999995,46.575706
282.19479,46.522888
296.90204,43.839821
296.58755,47.207161
298.23517000000004,48.497890000000005
281.73087000000004,43.282340999999995
293.21414,45.82597
300.1965,45.513931
295.73773,38.903912
298.90576,41.042609999999996
295.53461,48.677391
295.82114,39.975479
298.15717,47.331268
286.94647000000003,38.885189000000004
289.10422,41.69014
289.75229,41.634605
289.10422,41.69014
296.02225,44.732658
296.62296000000003,47.291142
297.27325,40.136761
292.93661000000003,47.499931
288.12555,38.347431
284.72797,45.064968
296.09058,50.408772
297.05664,46.083529999999996
288.39761,40.6269
286.112,39.80323
282.42303,46.014019
289.15082,46.344151000000004
285.5578,44.010791999999995
283.01282000000003,42.723679
292.92276,38.47728
286.69318,40.170109000000004
284.38248,44.308231
292.18646,41.328041
297.32889,47.815472
290.46756,40.056438
295.10958999999997,41.075790000000005
298.46381,40.216812
299.52527000000003,46.917549
295.58547999999996,39.299259
298.12167,40.81358
284.26859,44.197540000000004
298.40958,45.461639
290.26178,37.787189
300.75897000000003,45.71788
297.62054,40.763020000000004
286.0275,37.89447
297.19199,40.387951
291.28296,43.608238
292.62964,44.283119
291.97253,44.12999
285.83047,43.198391
296.78934,47.234531
289.43906,41.492977
293.81812,45.20153
289.68073,49.745831
301.57855,44.31218
282.09314,42.160271
298.67377,43.795479
299.54672,40.681911
289.08319,51.474059999999994
281.86789,47.256648999999996
283.6788,41.096882
296.40094,50.558338
281.32745,47.584869
289.67175,38.297871
300.49106,45.796909
296.39752000000004,42.396919
294.4873,42.00692
294.13626,41.456692
287.23569,38.754162
295.19992,46.814621
301.57855,44.31218
296.8432,43.697441
295.12237999999996,39.391033
292.40323,44.782009
286.14777000000004,38.241797999999996
292.50577000000004,49.331959000000005
298.28213999999997,44.272059999999996
285.92587000000003,39.669209
284.76764,45.341228
298.40297999999996,45.29723
285.28674,40.342339
298.35857999999996,47.638591999999996
282.11782999999997,46.223929999999996
295.48651,51.0135
292.92276,38.47728
287.23569,38.754162
298.96828999999997,40.797352000000004
288.80457,50.99062
299.34955,43.8503
287.26215,42.032309999999995
299.46524,40.891090000000005
295.79251,39.89257
293.98932,45.48415
287.81729,38.194809
294.33328,42.26413
291.37064,47.435509
295.84006,39.931221
284.94226000000003,48.666512
294.11566,38.393478
283.43576,47.06686
295.43915,43.676311
285.33063,42.040428000000006
300.02124,46.090778
298.89642000000003,40.477009
286.50211,50.246189
283.04764,46.265331
294.66592,46.665852
289.83121,44.609859
295.04855,45.342682
288.97574,41.279121
289.57462000000004,40.807594
297.9487,45.255039000000004
289.07837,39.70882
286.7695,45.234131
294.47876,38.883659
289.80804,44.362518
296.52145,46.540539
293.17578,38.042019
292.34503,41.585289
294.17792000000003,46.191711
284.45609,42.439831
286.85983,46.625510999999996
280.24945,43.915058
301.01672,44.233841
293.82135,39.39135
299.26376,40.263740999999996
286.54001,49.437328
296.11771,48.664108
297.983,48.555649
290.30505,41.838459
287.58789,45.598492
286.46796,39.652321
288.43149,45.918869
296.78345,40.229110999999996
289.4585,46.276379
283.06223,42.629002
290.86154,37.885422
285.09976,41.874378
289.42395,46.72617
289.87814,38.427269
290.46509,48.332249
289.44324,40.253529
289.7605,45.455608000000005
280.90244,42.935719
301.27869,44.25053
287.05453,45.18037
301.27869,44.25053
291.43582000000004,40.35881
293.51984,41.277409000000006
293.51984,41.277409000000006
300.58502000000004,44.2131
290.73477,49.086639
285.28362999999996,38.947281
296.67984,47.173313
295.57159,49.607479
296.59799,50.356651
297.68759,40.670361
285.45886,42.931049
297.70941,41.028149
291.65839,42.632439
299.69125,40.855957000000004
290.25375,37.92691
295.13477,46.76965
297.34738,44.026939
295.95797999999996,49.041012
293.51984,41.277409000000006
291.42685,42.164082
290.80301000000003,42.344409999999996
296.4621,43.459728000000005
293.73444,40.307201
296.12253,41.561138
290.09427,41.742779
285.88486,45.380138
295.77237,48.536559999999994
297.34842000000003,43.421219
282.67715,46.152851
298.80429,42.164162
299.81876,43.825741
294.76459,39.762718
283.85147,47.24366
283.00296000000003,44.284228999999996
291.93756,39.419940999999994
291.56476000000004,38.074589
289.64342999999997,50.727089
284.30792,39.700390000000006
293.94241,42.4259
291.37067,40.216060999999996
288.69501,39.883202000000004
291.96497,41.122162
298.56927,41.00351
291.17566,47.10561
281.55267000000003,44.228531
291.41714,40.48592
285.31628,38.686619
296.82895,48.173279
285.92322,42.54985
288.52902,42.27626
285.66937,49.439910999999995
290.9288,37.085251
291.72806,42.680408
290.78213999999997,38.18779
287.8674,50.595581
288.23175,50.567879
285.09586,50.10096
298.27521,39.850971
293.25903,45.837447999999995
298.50607,46.948029
282.17203,43.696509999999996
298.34344,48.702381
291.50812,45.370159
289.61075,41.019489
284.76093,49.141979
291.9837,38.595409000000004
294.0827,39.556098999999996
296.09842000000003,47.992699
294.59283,45.28772
289.64139,39.788028999999995
287.55508,46.68224
286.66867,45.208302
288.97182999999995,46.265202
286.22812000000005,50.01358
298.75122000000005,46.636261
289.23987,44.99358
294.55383,45.08139
283.00296000000003,44.284228999999996
290.21667,44.779678000000004
296.40448,44.367458
294.06802000000005,43.936871000000004
283.69885,39.936642
293.94794,40.455818
286.21729,42.86092
288.74893,42.191738
282.87473,41.836727
292.85391,46.77375
297.2905,45.955028999999996
287.43542,39.692989000000004
293.65369,39.31641
288.85754,45.097691
295.25244,42.896114000000004
296.66177000000005,43.811432
299.33367999999996,43.717815
290.55087000000003,43.994362
291.95251,41.959911
298.03253,42.200340000000004
292.8699,39.844429
283.45763999999997,46.819538
293.6203,42.081871
292.95819,42.854889
292.95819,42.854889
297.79987,40.349281
293.44644,40.409889
300.78387000000004,43.962059
293.09384,39.974579
285.36658,39.280079
291.5072,39.323662
298.68402000000003,41.83149
293.17435,40.950809
293.24039,39.949444
294.64285,46.549412
293.54733,42.828441999999995
299.13177,48.06171
294.95074,43.324341
292.26559,39.129841
287.36786,44.27322
288.42035,42.309509000000006
291.72189,42.117298
298.33893,41.073479
298.54089,40.471641999999996
293.69415,38.995628
283.00296000000003,44.284228999999996
292.42282,38.266331
291.52487,38.455849
288.61053,49.968632
291.12453999999997,37.986511
297.5885,43.841221000000004
294.78432999999995,49.4921
295.85056000000003,39.947193
291.21164,41.9856
289.3483,46.05468
295.27487,40.19508
298.38007000000005,46.8894
290.77032,45.498051000000004
292.91702000000004,40.09243
291.25562,48.846924
297.48297,48.022498999999996
285.70697,47.869968
295.08194,50.344601000000004
298.82587,46.956669
292.20465,40.48563
291.43143,38.654388
286.12555,47.947609
294.08307,50.502769
281.64581,41.951091999999996
292.17496,44.783989
299.49188,40.472481
292.78592000000003,46.808411
290.74271,43.604431
292.89218,38.270512
285.90179,39.654410999999996
288.50702,46.406712
290.99005,49.233131
296.82027999999997,42.514198
296.28137000000004,39.874969
297.21347000000003,47.775428999999995
295.51495,51.203739
290.90042,48.746140000000004
298.79605,46.722858
287.34897,47.060982
293.71948,50.18203
286.94531,43.822769
283.7706,42.027241
283.21161,41.038059000000004
291.03217,38.703911
291.35443,40.588879
297.90527000000003,47.33683
288.61057,40.92474
295.7168,39.777142
288.97589,43.099178
285.80185,45.216831
299.46869,40.82999
298.98892,47.761429
287.70197,51.229729
287.70197,51.229729
294.81012000000004,44.25597
284.57806,41.890259
294.06641,42.486839
290.34805,47.965191
286.33545,46.917831
281.28546,43.51548
299.05002,41.537449
299.06453999999997,40.515578999999995
293.68362,38.994869
292.18237,39.560210999999995
287.77301,43.733909999999995
295.37604,46.047588
293.76151,38.99921
284.61008,42.687431
292.44135,49.316414
295.73697000000004,39.740452000000005
300.01501,40.52702
288.52698,42.178909000000004
297.63947,47.445869
284.31692999999996,47.887112
291.79465,44.193531
295.98404,40.043621
292.17099,41.621288
297.59494,40.594139
293.15085,41.729252
297.5798,40.603001
295.07965,39.962528000000006
296.9136,40.258263
294.76862,46.37421
298.52206,48.032921
292.92532,38.480990999999996
283.0733,41.53867
295.8093,40.008511
298.79532,46.670448
285.47659,41.632717
291.99976000000004,49.301811
296.9025,47.628281
298.19162,48.396259
285.41266,40.42577
293.45609,41.045849
293.34521,44.700641999999995
289.00632,39.093342
283.98633,41.65041
293.38049,41.151901
288.88333,39.74456
288.88333,39.74456
301.14603,44.869659000000006
294.15952000000004,45.375919
286.63552999999996,39.488621
292.0105,41.467098
291.17059,38.765209000000006
283.07403999999997,41.540878
298.8002,46.665539
291.0188,38.569859
296.7345,39.186111
296.22292999999996,47.92392
293.26328,45.349419
299.97156,45.811932
289.43896,49.73122
289.43896,49.73122
285.36992999999995,40.907429
285.31381,48.72525
297.4809,46.589141999999995
287.34946,38.286041
289.91852,42.001431
301.4693,44.159649
296.10791,39.319908
295.16721,38.637081
285.43805,47.90345
291.54391,42.638988
292.71317,38.369659000000006
295.36602999999997,46.377232
295.88522,42.62188
300.79001,44.6534
294.14371,38.877392
290.20575,37.769138
293.2088,46.173061
300.15648999999996,46.20332
297.9382,46.881401000000004
283.55252,48.222939000000004
297.58313,41.952431
295.40979,42.150828999999995
295.40979,42.150828999999995
292.53055,42.214649
286.23264,38.202888
297.05066,40.717419
293.72717,42.806759
295.06284,41.124611
297.4292,40.561909
297.4292,40.561909
297.4292,40.561909
289.71201,50.128208
294.03622,40.659191
285.51687999999996,41.534321000000006
293.21356000000003,46.175129
295.91083,50.40976
294.37127999999996,44.924759
295.61261,39.195709
298.06189,40.957291
294.08777000000003,42.489666
295.83835,41.427319
292.2677,47.394798
284.81525,47.392632
292.68427,38.126282
292.28778,38.27425
281.18023999999997,46.929901
283.1319,43.955971000000005
298.09542999999996,44.737061
295.27301,41.168282
291.46148999999997,38.001808000000004
292.96008,38.431430999999996
291.41832999999997,42.579819
292.52029,48.123531
292.17368,44.662861
290.34442,48.147308
298.07739,47.346581
282.00088999999997,44.960770000000004
289.69705,39.371639
294.48639,46.676151000000004
286.28845,43.614342
298.9068,41.835629
291.35696,42.493641
299.13101,41.589901
295.21167,42.786289000000004
295.21167,42.786289000000004
295.75412,42.537479
295.03052,40.958149
283.91565,47.784569
298.39575,42.459751000000004
298.09542999999996,44.737061
300.01813,46.026272
295.20386,42.43045
298.1897,41.679192
287.63705,42.530819
293.14578,42.624161
291.50708,42.429878
292.00203999999997,41.786961
286.73605,41.590278999999995
293.23318,46.600151000000004
297.65094,47.39629
293.21356000000003,46.175129
297.77277000000004,48.09811
288.28283999999996,39.992222
293.27213,41.95142
287.88482999999997,41.879349
295.68814,42.970581
285.33444,46.309878999999995
290.91254,43.92989
287.40515,49.456291
286.66296,47.4137
293.72311,38.96983
291.06937,38.914909
292.42444,48.159591999999996
296.88562,41.19978
285.84387000000004,46.015910999999996
293.44366,46.471512
290.1499,41.4646
292.33035,37.997059
293.30023,41.523338
297.37912,46.367069
290.20361,37.774342
299.66415,43.762989000000005
295.25287000000003,42.900028000000006
281.7179,44.873989
291.01138,41.906979
284.51367,45.1203
295.23196,38.925919
297.46631,47.023232
297.46631,47.023232
290.85931,38.636593
291.44626,38.639778
298.06768999999997,49.412601
290.59039,45.439709
284.29694,49.15868
290.23602,43.47065
286.54041,38.3326
289.297,41.285488
293.2244,40.931931
297.70197,46.823318
297.70197,46.823318
296.672,50.150108
288.56152000000003,46.536049
293.25281,46.051628
284.2572,45.118668
297.78775,47.098331
294.14001,39.08987
290.55255,40.688759000000005
287.98795,38.89175
295.5061,44.110538
298.13141,41.950989
289.8569,46.789928
287.98958999999996,38.890381
298.05832000000004,40.943069
296.37036,41.390469
293.57437000000004,48.007439
290.44928,41.535789
295.49811,38.644501
295.49811,38.644501
295.49811,38.644501
290.35443,41.76918
293.03067000000004,42.635220000000004
298.11887,40.37505
294.25037000000003,39.943939
287.60559,49.523258
283.79782,46.931
293.46356000000003,42.88406
283.89862,42.299991999999996
294.92371,47.249989
294.11649,40.681061
292.37616,37.657459
289.25281,42.562611
295.61037999999996,43.260422
287.15167,42.110378000000004
299.33994,40.925362
295.81686,44.00568
298.35327,47.66888
284.85162,45.86351
297.47839,46.81575
299.37268,41.236671
291.285,40.730049
294.19629,38.83712
286.64642000000003,49.937778
283.79782,46.931
297.16977,50.147369
298.68607000000003,41.521069
295.63855,46.132549
298.0759,45.189029999999995
298.0834,40.34621
286.55807000000004,38.405369
299.04727,41.538078000000006
295.19501,40.670840999999996
294.43863,48.985240999999995
290.51162999999997,44.556019
295.46201,39.084389
296.33862,48.75758
292.13239,37.388481
293.07062,48.387741
294.35663,45.195011
283.23581,41.34304
281.97125,43.672771000000004
286.64642000000003,49.937778
288.65695,41.399529
281.29581,44.465401
295.69357,42.609509
296.0069,50.281811
293.25259,46.04903
297.49515,41.4147
298.37177,41.291759000000006
294.91699,45.680679
292.72137000000004,41.904919
287.73755,38.114559
292.26044,40.703678000000004
283.69891,40.76804
297.19037000000003,46.826481
286.84851000000003,39.304939000000005
295.21747,39.910042
292.02689,49.20718
285.60254,50.112041
294.90594,43.381889
300.78394,44.192558
300.78394,44.192558
297.75192000000004,43.447578
286.51018999999997,38.618309
293.62976000000003,45.74065
285.1478,41.388908
288.59711,41.036429999999996
291.285,40.730049
293.21729,39.207809000000005
289.33551,41.683448999999996
296.65256,46.618809000000006
289.09845,45.02309
293.7674,42.829208
287.32268999999997,38.279709000000004
298.95914,48.25782
284.35217,40.71471
290.42529,46.889938
288.45081,40.432449
283.31787,48.404598
293.66934,46.297459
294.38858,43.690540000000006
296.45337,49.786549
